   0.146676747473776
   0.176442873240024
   0.210489462577608
   0.248977534189982
   0.292062644125707
   0.339891340422737
   0.392598169135949
   0.450302913399742
   0.513107886229638
   0.581095166446145
   0.654323697082001
   0.732826172728111
   0.816605636892375
   0.905631701888403
   0.999836303237357
   1.099108925296847
   1.203291315311994
   1.312171895897660
   1.425480496550355
   1.542884847533962
   1.664028543897746
   1.788407222604399
   1.915335588136887
   2.043870608697710
   2.172957722496838
   2.301795546902318
   2.429832775769000
   2.556800347880440
   2.682762682685818
   2.811627164322839
   2.932550842489111
   3.043409742576692
   3.142314147058355
   3.227566123364621
   3.297640197427515
   3.351178541464742
   3.386995220594307
   3.404086183566235
   3.401643078664798
   3.379069830528508
   3.336001363119843
   3.272323971326243
   3.188196633556340
   3.084071938394934
   2.960714061982669
   2.819208971876037
   2.660958009823925
   2.487638914826822
   2.301105852258239
   2.103177694438795
   1.826201371125004
   1.622265821117905
   1.401993665678739
   1.166983340162473
   0.919919897503659
   0.674194966419624
   0.443320129770739
   0.241884887018189
   0.087360279536147
  -0.000000105677972
